Neural Network Structure:
 Layer 1:
  Type: Input
   Neuron Count: 2
 Layer 2:
  Type: Hidden
   Neuron Count: 5
 Layer 3:
  Type: Hidden
   Neuron Count: 5
 Layer 4:
  Type: Output
   Neuron Count: 1
 Weights:
  w1: 0.711554733935132
  w2: 0.5397321459926587
  w3: 0.6020864454003558
  w4: 0.5005964915145575
  w5: 0.8456294687499714
  w6: 0.5050473429932811
  w7: 0.6195204891030226
  w8: 0.5382043353180237
  w9: 0.6153771397254046
  w10: 0.661469096650982
  w11: 0.9993544956047582
  w12: 0.891888639092892
  w13: 0.9850050746655248
  w14: 0.6544410221408756
  w15: 0.6031966757319223
  w16: 0.6276297396719523
  w17: 0.7491876317395918
  w18: 0.6980922806489679
  w19: 0.6120542189114091
  w20: 0.6180661400424998
  w21: 0.8283382823184385
  w22: 0.6940465979161234
  w23: 0.621226209594854
  w24: 0.6509134777657484
  w25: 0.6740372589930264
  w26: 0.9148585377921061
  w27: 0.9666061305434965
  w28: 0.7438335184360807
  w29: 0.8636705537422128
  w30: 0.9357469259155191
  w31: 0.7630609938045946
  w32: 0.6436126631125155
  w33: 0.8798400341917765
  w34: 0.9812056967221449
  w35: 0.5911206791810291
  w36: 0.5719820695682792
  w37: 0.6897331404045431
  w38: 0.6641075582586533
  w39: 0.6769023887204056
  w40: 0.9430091803070997
 Bias Values:
  Layer 1 bias value: 1.0
  Layer 2 bias value: 1.0
  Layer 3 bias value: 1.0

The ANN initialized correctly!
Starting training for NAND gate...
Generation 3442:
 Total Error:0.009953523916061933
 New Weights:
  w0: -1.985540526233543
  w1: -2.1877372615999104
  w2: -2.1305485369669306
  w3: -2.241305889669959
  w4: -1.7015170183641397
  w5: -2.1721238300113908
  w6: -2.078777464410546
  w7: -2.1695522590613745
  w8: -2.0963784985956635
  w9: -1.8683936299887558
  w10: -0.24067576991759276
  w11: -0.30776057502006204
  w12: -0.2216665136233155
  w13: -0.5224082544828199
  w14: -0.4943423424327661
  w15: -0.6271178612586952
  w16: -0.465346758505479
  w17: -0.5234262742637964
  w18: -0.5797719716004173
  w19: -0.4947696070514032
  w20: -0.4226796441751995
  w21: -0.5167198157616543
  w22: -0.5965576023212367
  w23: -0.5371486848869941
  w24: -0.4349764401651959
  w25: -0.34628347332550025
  w26: -0.2544155447687185
  w27: -0.4841762385384963
  w28: -0.3347190533408689
  w29: -0.18384692899198857
  w30: -0.5273555445228482
  w31: -0.6070125580889956
  w32: -0.3777142738929499
  w33: -0.24698602056288027
  w34: -0.5589085734935736
  w35: 4.636680137743535
  w36: 5.027575588739642
  w37: -1.0840387237437217
  w38: -1.10448720697057
  w39: -0.8384591782574166
 Improvement: 0.990046476083938
Total elapsed time: 149 milliseconds.
In: 0,0 Out: 1
In: 0,1 Out: 1
In: 1,0 Out: 1
In: 1,1 Out: 0
