Neural Network Structure:
 Layer 1:
  Type: Input
   Neuron Count: 2
 Layer 2:
  Type: Hidden
   Neuron Count: 5
 Layer 3:
  Type: Hidden
   Neuron Count: 5
 Layer 4:
  Type: Output
   Neuron Count: 1
 Weights:
  w1: 0.7016320649920982
  w2: 0.6297367475448818
  w3: 0.9214697226539617
  w4: 0.9685642670726524
  w5: 0.7632589957114901
  w6: 0.579774347969126
  w7: 0.582809859172242
  w8: 0.9483337992622023
  w9: 0.7976714519440267
  w10: 0.6643555259700018
  w11: 0.7598702232592712
  w12: 0.909890516443679
  w13: 0.7196473508441861
  w14: 0.9431837320335978
  w15: 0.8899159368758804
  w16: 0.7353790197189363
  w17: 0.896649970993207
  w18: 0.6000771569004164
  w19: 0.5422726903178053
  w20: 0.7003654183148664
  w21: 0.6400842840021232
  w22: 0.8601067085178091
  w23: 0.559675448142359
  w24: 0.8871236504027751
  w25: 0.5819928393685238
  w26: 0.6027240095381277
  w27: 0.5131954110947985
  w28: 0.7836350044322609
  w29: 0.9776725534139334
  w30: 0.5542565953173662
  w31: 0.6706504688983761
  w32: 0.8161800575910114
  w33: 0.5318228974553159
  w34: 0.6916824674259019
  w35: 0.5245959487092848
  w36: 0.6634995639190053
  w37: 0.6060899852252575
  w38: 0.5662564794245926
  w39: 0.725308957839305
  w40: 0.8787236846479098
 Bias Values:
  Layer 1 bias value: 1.0
  Layer 2 bias value: 1.0
  Layer 3 bias value: 1.0

The ANN initialized correctly!
Starting training for NAND gate...
Generation 3283:
 Total Error:0.009991657236371961
 New Weights:
  w0: -2.3384068574745074
  w1: -2.434630307585534
  w2: -1.7601091410231462
  w3: -1.7995312681732756
  w4: -2.2149871003613515
  w5: -2.42217237098709
  w6: -2.4428774251370173
  w7: -1.700569063678191
  w8: -1.9376281743887012
  w9: -2.2762676030174913
  w10: -0.3410339941404825
  w11: -0.3015222988052478
  w12: -0.3484386403652059
  w13: -0.30392548147138176
  w14: -0.175817182566698
  w15: -0.32547078156074283
  w16: -0.2760683822905615
  w17: -0.42752151696509266
  w18: -0.6665036750433047
  w19: -0.32488741169946445
  w20: -0.4719774804800324
  w21: -0.3620187783847016
  w22: -0.5197135483365993
  w23: -0.37058919522109074
  w24: -0.4950369322283252
  w25: -0.4428018729983086
  w26: -0.6445522514688676
  w27: -0.22853622291490266
  w28: -0.2162506544417594
  w29: -0.4555609118097511
  w30: -0.4435235352521932
  w31: -0.4080652656035345
  w32: -0.5496719405068118
  w33: -0.5681424225520518
  w34: -0.5545439327437935
  w35: 5.11588457689485
  w36: 4.872069314064782
  w37: -1.1741600787408595
  w38: -0.9122469271535748
  w39: -0.9022290805438893
 Improvement: 0.990008342763628
Total elapsed time: 127 milliseconds.
In: 0,0 Out: 1
In: 0,1 Out: 1
In: 1,0 Out: 1
In: 1,1 Out: 0
