Neural Network Structure:
 Layer 1:
  Type: Input
   Neuron Count: 2
 Layer 2:
  Type: Hidden
   Neuron Count: 5
 Layer 3:
  Type: Hidden
   Neuron Count: 5
 Layer 4:
  Type: Output
   Neuron Count: 1
 Weights:
  w1: 0.9328695844010578
  w2: 0.820277042638746
  w3: 0.6852374083663939
  w4: 0.6962203760840135
  w5: 0.8874633355823832
  w6: 0.6950353095676409
  w7: 0.6256839118426873
  w8: 0.8049910485386467
  w9: 0.5657552855415355
  w10: 0.7645554606795963
  w11: 0.6140619807293133
  w12: 0.7066900834421017
  w13: 0.7948656564005969
  w14: 0.554242916767131
  w15: 0.849863833918235
  w16: 0.5262240021617084
  w17: 0.6375139067477622
  w18: 0.691105970919053
  w19: 0.9007847091456499
  w20: 0.8008706136793602
  w21: 0.5195301052575889
  w22: 0.8150610242406107
  w23: 0.6751592971537002
  w24: 0.6171496026441508
  w25: 0.8335362059630991
  w26: 0.9834558979273635
  w27: 0.8202218314062584
  w28: 0.5678228549211185
  w29: 0.6887346185706412
  w30: 0.9512726059928607
  w31: 0.8062150085154616
  w32: 0.9957147939233157
  w33: 0.5358230989574173
  w34: 0.6630843911992161
  w35: 0.8357670375535065
  w36: 0.5774685091322405
  w37: 0.7207622120885345
  w38: 0.6370803057574802
  w39: 0.6129761216373801
  w40: 0.5274042617915855
 Bias Values:
  Layer 1 bias value: 1.0
  Layer 2 bias value: 1.0
  Layer 3 bias value: 1.0

The ANN initialized correctly!
Generation 2912:
 Total Error:0.009961441135794509
 New Weights:
  w0: -1.6665327677928596
  w1: -1.9124389447866068
  w2: -2.020264013523622
  w3: -2.1396983442172486
  w4: -1.6968992287470759
  w5: -1.8627918309957743
  w6: -2.057872459471032
  w7: -1.85070060537687
  w8: -2.2164335276613136
  w9: -1.7782231679805336
  w10: -0.47927283504851087
  w11: -0.4964875891099213
  w12: -0.26936218135658974
  w13: -0.5355278542961411
  w14: -0.4061057661102459
  w15: -0.528682290386084
  w16: -0.5287037396373709
  w17: -0.3342744572412239
  w18: -0.15050461546340385
  w19: -0.4188408605865444
  w20: -0.5825595029028651
  w21: -0.39644071531864306
  w22: -0.397953636507624
  w23: -0.48139356729431054
  w24: -0.43054613006219133
  w25: -0.11089523256193544
  w26: -0.3839180413324049
  w27: -0.4974388019142102
  w28: -0.4020549883890757
  w29: -0.30563049803739784
  w30: -0.23114414154609023
  w31: -0.1536367028847819
  w32: -0.4718107363811363
  w33: -0.3706305023696175
  w34: -0.3674176868130725
  w35: 4.646125222108185
  w36: 4.946891795840444
  w37: -1.0045492284173207
  w38: -0.9394539005560539
  w39: -1.1446141088762178
 Improvement: 0.9900385588642054
Total elapsed time: 138 milliseconds.
