Neural Network Structure:
 Layer 1:
  Type: Input
   Neuron Count: 2
 Layer 2:
  Type: Hidden
   Neuron Count: 5
 Layer 3:
  Type: Hidden
   Neuron Count: 5
 Layer 4:
  Type: Output
   Neuron Count: 1
 Weights:
  w1: 0.7725360984984468
  w2: 0.5229620069369774
  w3: 0.6094569378678305
  w4: 0.5634941111807639
  w5: 0.7795790427185267
  w6: 0.716273130319655
  w7: 0.9620362183051336
  w8: 0.7534671788982141
  w9: 0.529608321504837
  w10: 0.973974121181918
  w11: 0.8738035668739867
  w12: 0.6134656214854359
  w13: 0.5422060580075361
  w14: 0.7376534984342065
  w15: 0.8354806513538582
  w16: 0.6695037287234498
  w17: 0.7964331970578185
  w18: 0.5409656458523391
  w19: 0.7040681993497351
  w20: 0.7092762980643867
  w21: 0.5824684019751363
  w22: 0.9711240779952717
  w23: 0.6761569143440315
  w24: 0.9993054672506055
  w25: 0.7918155672532063
  w26: 0.9156926111967818
  w27: 0.5800634437918706
  w28: 0.6713653400336547
  w29: 0.8324966182570959
  w30: 0.8949825387524442
  w31: 0.8082182322547684
  w32: 0.87951777831321
  w33: 0.7233218018615553
  w34: 0.6363212841348431
  w35: 0.8367194563267721
  w36: 0.755362685678225
  w37: 0.9296309025520778
  w38: 0.6680396201238352
  w39: 0.7950813762684577
  w40: 0.6310004585244082
 Bias Values:
  Layer 1 bias value: 1.0
  Layer 2 bias value: 1.0
  Layer 3 bias value: 1.0

The ANN initialized correctly!
Starting training for OR gate...
Generation 3268:
 Total Error:0.009993313895767885
 New Weights:
  w0: 1.9157817660153085
  w1: 2.408775807195856
  w2: -0.6882926663360172
  w3: -1.2438878023582745
  w4: 5.157208043591408
  w5: 1.60848427166767
  w6: 2.6533051252199784
  w7: -0.892429208569272
  w8: -1.6388150475225844
  w9: 5.251527094874814
  w10: -0.9915192643016444
  w11: -1.2542376219080769
  w12: -1.2111627836900964
  w13: -1.132703077349688
  w14: -1.0628701965727771
  w15: -1.2145147343520062
  w16: -1.0902005109415123
  w17: -1.2303795203024843
  w18: -1.184867793315723
  w19: -1.2080489051403231
  w20: -1.2501725855426968
  w21: -0.8631883529131756
  w22: -1.0519273200184767
  w23: -0.8384706600536819
  w24: -1.0713878823026848
  w25: -0.9369675951627813
  w26: -1.2748618148085131
  w27: -1.069481674575905
  w28: -1.0253480214434614
  w29: -0.9906614508715221
  w30: -1.0706951737657753
  w31: -1.0020522709235549
  w32: -1.041371496229515
  w33: -1.2475773584449386
  w34: -1.0760106120234691
  w35: -5.439491594201115
  w36: 2.412777803431806
  w37: 2.791249275936737
  w38: 2.989590084948019
  w39: 2.713924066469627
 Improvement: 0.9900066861042321
Total elapsed time: 155 milliseconds.
In: 0,0 Out: 0
In: 0,1 Out: 1
In: 1,0 Out: 1
In: 1,1 Out: 1
