Neural Network Structure:
 Layer 1:
  Type: Input
   Neuron Count: 2
 Layer 2:
  Type: Hidden
   Neuron Count: 5
 Layer 3:
  Type: Hidden
   Neuron Count: 5
 Layer 4:
  Type: Output
   Neuron Count: 1
 Weights:
  w1: 0.5689897231192821
  w2: 0.8641499781807026
  w3: 0.5857740226941499
  w4: 0.6820898977458861
  w5: 0.6739424069456912
  w6: 0.9089851373749904
  w7: 0.7704516129390648
  w8: 0.9428709358332753
  w9: 0.6530722111604819
  w10: 0.8742953708524215
  w11: 0.9855255827439978
  w12: 0.5724562719293387
  w13: 0.9417735066183499
  w14: 0.6971313322370656
  w15: 0.9284236764426588
  w16: 0.9240119554688792
  w17: 0.6376335525096942
  w18: 0.9325815773841204
  w19: 0.6401384832389441
  w20: 0.5594023597229537
  w21: 0.9012266626351546
  w22: 0.5891267814716843
  w23: 0.6928251349526015
  w24: 0.9158291766257001
  w25: 0.5176012344917873
  w26: 0.7100175449344011
  w27: 0.530439428882084
  w28: 0.825160537876888
  w29: 0.8772025027354184
  w30: 0.7515333923203078
  w31: 0.9977709681874771
  w32: 0.6059973763990477
  w33: 0.8014787071995899
  w34: 0.5418907189961761
  w35: 0.7987923431337052
  w36: 0.7829966600092779
  w37: 0.5080464007729308
  w38: 0.6656024464171144
  w39: 0.7839367760394083
  w40: 0.9005687887409507
 Bias Values:
  Layer 1 bias value: 1.0
  Layer 2 bias value: 1.0
  Layer 3 bias value: 1.0

The ANN initialized correctly!
Starting training for NOR gate...
Generation 816:
 Total Error:0.009977470983990159
 New Weights:
  w0: -2.6905689518070117
  w1: -2.405632868497969
  w2: -2.679970991542242
  w3: -2.5519836392638897
  w4: -2.592768735829024
  w5: -2.5348685158832387
  w6: -2.7090302886203856
  w7: -2.508615724468218
  w8: -2.776983577323855
  w9: -2.5861387646758374
  w10: 0.23095287770821255
  w11: -0.00572793762891597
  w12: 0.21543717596377737
  w13: 0.02510622098926962
  w14: 0.2700808670189215
  w15: 0.17708630885898183
  w16: 0.04767592021113408
  w17: 0.2101603517006371
  w18: -0.034356931459745776
  w19: -0.10287277265613119
  w20: 0.14933938634034954
  w21: 0.01027604506089731
  w22: -0.0314852315305276
  w23: 0.24471484011580555
  w24: -0.140083022967465
  w25: -0.03847636443245056
  w26: -0.051164909395594635
  w27: 0.10304710593244888
  w28: 0.20626041675614312
  w29: 0.09356009367101133
  w30: 0.24974233770869517
  w31: 0.02337643849790297
  w32: 0.0795455588815729
  w33: -0.12935710824883964
  w34: 0.14040196116016362
  w35: 2.6172203555514653
  w36: 2.03188025548692
  w37: -1.53916079799276
  w38: -1.4180360661824156
  w39: -1.2938528218661751
 Improvement: 0.9900225290160098
Total elapsed time: 94 milliseconds.
In: 0,0 Out: 1
In: 0,1 Out: 0
In: 1,0 Out: 0
In: 1,1 Out: 0
