Neural Network Structure:
 Layer 1:
  Type: Input
   Neuron Count: 2
 Layer 2:
  Type: Hidden
   Neuron Count: 5
 Layer 3:
  Type: Hidden
   Neuron Count: 5
 Layer 4:
  Type: Output
   Neuron Count: 1
 Weights:
  w1: 0.562317566129117
  w2: 0.7447347720199239
  w3: 0.9235018923642881
  w4: 0.6297494700026596
  w5: 0.6711946981458125
  w6: 0.9870443225782282
  w7: 0.9117201625740832
  w8: 0.710139986534754
  w9: 0.932955133094737
  w10: 0.9307711769755173
  w11: 0.7415725730608924
  w12: 0.6935211642344952
  w13: 0.6583793660875987
  w14: 0.9364593845456051
  w15: 0.771214430092298
  w16: 0.6040737865184611
  w17: 0.562734984415751
  w18: 0.8218722779088683
  w19: 0.7456998481758468
  w20: 0.7846475675557287
  w21: 0.6206858637656109
  w22: 0.9135923430186168
  w23: 0.7792400046017984
  w24: 0.833814335185185
  w25: 0.7820282247588634
  w26: 0.7024937494000938
  w27: 0.658409522147939
  w28: 0.869671664372081
  w29: 0.9769189274520649
  w30: 0.9957421426853235
  w31: 0.8903275198469827
  w32: 0.6509905159080127
  w33: 0.9432648493838536
  w34: 0.6283862763710272
  w35: 0.5629060893815427
  w36: 0.8582736783400474
  w37: 0.716071504722642
  w38: 0.796140956552556
  w39: 0.6804506773457681
  w40: 0.6873890040972168
 Bias Values:
  Layer 1 bias value: 1.0
  Layer 2 bias value: 1.0
  Layer 3 bias value: 1.0

The ANN initialized correctly!
Starting training for AND gate...
Generation 3648:
 Total Error:0.009990267800590022
 New Weights:
  w0: -2.123974200068289
  w1: -1.8700652546754777
  w2: -1.6864195359805778
  w3: -2.0543246589967303
  w4: -1.9854736585451216
  w5: -1.733019913733233
  w6: -1.7229030284869606
  w7: -1.9016774538665386
  w8: -1.7798219128979764
  w9: -1.7516667453867854
  w10: -0.4490758050339185
  w11: -0.4858173317588913
  w12: -0.6356442682673344
  w13: -0.36501462994788086
  w14: -0.4870584056732756
  w15: -0.5894439228831202
  w16: -0.6196286430992585
  w17: -0.4749100861218698
  w18: -0.5584908436861179
  w19: -0.47643029986609775
  w20: -0.5341319287243076
  w21: -0.22980861332738736
  w22: -0.4801698487436871
  w23: -0.4331273898712167
  w24: -0.44121679551346543
  w25: -0.45015887502022683
  w26: -0.48278514572117737
  w27: -0.3876527865435637
  w28: -0.2879506258246327
  w29: -0.2253881980266499
  w30: -0.2769217264849077
  w31: -0.5048863331808945
  w32: -0.32816744535627096
  w33: -0.650548371610469
  w34: -0.6725012011601451
  w35: -5.196613388244749
  w36: -5.365791907190864
  w37: 0.2306873027945109
  w38: 0.12904657797788416
  w39: 0.016832661260627973
 Improvement: 0.99000973219941
Total elapsed time: 158 milliseconds.
In: 0,0 Out: 0
In: 0,1 Out: 0
In: 1,0 Out: 0
In: 1,1 Out: 1
